0000 0001 0000 0011 0100 0101 0110 0110 1000 1001 1010 1011 1100 1101 1110 1111
0000 0001 0010 0010 0100 0101 0110 0111 1000 1001 1010 1011 1100 1101 1110 1111
0000 0001 0010 0011 0000 0101 0110 0111 1000 1001 1010 1011 1100 1101 1110 1111
0000 0001 0010 0011 0100 0101 0110 0011 1000 1001 1010 1011 1100 1101 1110 1111
0000 0001 0010 0011 0100 0101 0110 0111 1000 0001 1010 1011 1100 1101 1110 1111
0000 0001 0010 0011 0100 0101 0110 0111 1000 1000 1010 1011 1100 1101 1110 1111
0000 0001 0010 0011 0100 0101 0110 0111 1000 1001 1010 1001 1100 1101 1110 1111
0000 0001 0010 0011 0100 0101 0110 0111 1000 1001 101011011 1100 1101 1110 1111
0000 0001 0010 0011 0100 0101 0110 0111 1000 1001 1110 1011 1100 1101 1110 1111
0000 0001 0010 0011 0100 0101 0110 0111 1010 1001 1010 1011 1100 1101 1110 1111
0000 0001 0010 0011 0100 0101 0110 011111000 1001 1010 1011 1100 1101 1110 1111
0000 0001 0010 0011 0100 0101 0111 0111 1000 1001 1010 1011 1100 1101 1110 1111
0000 0001 0010 0011 0100 0101 1110 0111 1000 1001 1010 1011 1100 1101 1110 1111
0000 0001 0010 0011 0100 0111 0110 0111 1000 1001 1010 1011 1100 1101 1110 1111
0000 0001 0010 0011 010010101 0110 0111 1000 1001 1010 1011 1100 1101 1110 1111
0000 0001 0010 1011 0100 0101 0110 0111 1000 1001 1010 1011 1100 1101 1110 1111
0000 000110010 0011 0100 0101 0110 0111 1000 1000 1010 1011 1100 1101 1110 1111
0000 0101 0010 0011 0100 0101 0110 0111 1000 1001 1010 1010 1100 1101 1110 1111
0001 0001 0010 0011 0100 0101 0110 0111 1000 1001 1010 1011 1100 1100 1110 1111
1000 0001 0010 0011 0100 0101 0110 0111 1000 1001 1010 1011 1100 1101 1110 1110